0 0.3640625 0.93046875 0.02734375 0.0578125
0 0.2859375 0.89296875 0.015625 0.0484375
0 0.3328125 0.75 0.0140625 0.034375
0 0.28203125 0.75078125 0.015625 0.03203125
0 0.2734375 0.6578125 0.01484375 0.034375
0 0.31171875 0.51953125 0.01328125 0.02109375
0 0.6125 0.8890625 0.01796875 0.0453125
0 0.65078125 0.790625 0.0140625 0.04921875
0 0.675 0.75703125 0.01484375 0.04609375
0 0.57421875 0.7953125 0.02265625 0.04609375
0 0.88359375 0.66015625 0.01953125 0.0359375
0 0.95 0.73359375 0.00859375 0.046875
0 0.6421875 0.675 0.01796875 0.0453125
0 0.60390625 0.65625 0.01640625 0.03671875
1 0.68828125 0.8796875 0.04765625 0.11328125
1 0.58984375 0.95859375 0.0609375 0.0828125
1 0.36171875 0.95390625 0.0421875 0.0921875
1 0.284375 0.928125 0.03984375 0.09296875
1 0.328125 0.78828125 0.0296875 0.0859375
1 0.28125 0.7796875 0.03203125 0.0734375
1 0.27421875 0.68359375 0.02734375 0.07421875
1 0.265625 0.5625 0.03984375 0.07890625
1 0.31015625 0.54609375 0.01796875 0.07578125
1 0.25703125 0.3421875 0.0578125 0.13203125
1 0.1984375 0.39609375 0.0171875 0.0796875
1 0.67109375 0.9796875 0.06328125 0.040625
1 0.54453125 0.6765625 0.015625 0.0890625
1 0.63984375 0.6828125 0.01796875 0.096875
1 0.6046875 0.66953125 0.01640625 0.0703125
1 0.5703125 0.55625 0.0203125 0.06953125
1 0.95859375 0.67109375 0.0828125 0.0796875
1 0.95078125 0.76328125 0.03984375 0.09296875
1 0.884375 0.6828125 0.05078125 0.08515625
1 0.6484375 0.3390625 0.059375 0.1015625
1 0.7234375 0.34375 0.04609375 0.10625
1 0.60078125 0.221875 0.040625 0.05625
1 0.75 0.1859375 0.046875 0.04921875
1 0.46875 0.26875 0.01484375 0.0546875
1 0.2 0.278125 0.0234375 0.06171875
1 0.5171875 0.65078125 0.04609375 0.07421875
1 0.51640625 0.484375 0.04296875 0.078125