1 0.71875 0.72890625 0.1140625 0.20234375
1 0.54921875 0.75625 0.11875 0.2078125
1 0.3921875 0.68671875 0.1171875 0.184375
1 0.2328125 0.68125 0.13359375 0.18046875
1 0.41953125 0.5078125 0.07890625 0.13125
1 0.55234375 0.55859375 0.08984375 0.15
1 0.6984375 0.5171875 0.0859375 0.1546875
1 0.85546875 0.6 0.11171875 0.16640625
1 0.81015625 0.46796875 0.0875 0.13125
1 0.92109375 0.7921875 0.14765625 0.2421875
1 0.6859375 0.3328125 0.0625 0.090625
1 0.7703125 0.3609375 0.06640625 0.1171875
1 0.54375 0.41953125 0.08203125 0.134375
1 0.390625 0.29140625 0.0671875 0.1171875
1 0.43828125 0.4015625 0.06328125 0.11015625
1 0.7359375 0.26171875 0.05390625 0.090625
1 0.03984375 0.33828125 0.0640625 0.12109375
1 0.30390625 0.4265625 0.08203125 0.103125
1 0.28203125 0.52265625 0.0859375 0.13203125
1 0.303125 0.3421875 0.06171875 0.09921875
1 0.471875 0.2765625 0.05546875 0.08984375
1 0.50546875 0.33828125 0.0765625 0.1
1 0.515625 0.16875 0.08515625 0.065625