1 0.76171875 0.77109375 0.14140625 0.1796875
1 0.90078125 0.6828125 0.13671875 0.14921875
1 0.96953125 0.584375 0.0609375 0.165625
1 0.9078125 0.5125 0.128125 0.14765625
1 0.9734375 0.42578125 0.05234375 0.1484375
1 0.9484375 0.34921875 0.10234375 0.14140625
1 0.83984375 0.4265625 0.1359375 0.1296875
1 0.7390625 0.51953125 0.13359375 0.12421875
1 0.64140625 0.59375 0.13515625 0.1265625
1 0.53828125 0.67890625 0.13984375 0.13984375
1 0.64921875 0.8625 0.13125 0.146875
1 0.75625 0.64140625 0.15 0.14140625
1 0.2625 0.603125 0.16328125 0.178125
1 0.36015625 0.68984375 0.14140625 0.1546875
1 0.40078125 0.78984375 0.15859375 0.1453125
1 0.37109375 0.94921875 0.15546875 0.1015625
1 0.17421875 0.94296875 0.1734375 0.1140625
1 0.07265625 0.90859375 0.1453125 0.14921875
1 0.18671875 0.809375 0.14296875 0.15625
1 0.14296875 0.7203125 0.16171875 0.1609375
1 0.62578125 0.35078125 0.13359375 0.1203125
1 0.74453125 0.2671875 0.13203125 0.1375
1 0.85078125 0.184375 0.1171875 0.121875
1 0.7203125 0.15546875 0.11875 0.1140625
1 0.596875 0.2359375 0.1359375 0.1125
1 0.50625 0.3359375 0.1234375 0.14375
1 0.3765625 0.39609375 0.1375 0.1234375
1 0.2609375 0.47421875 0.153125 0.0953125
1 0.17421875 0.56015625 0.12734375 0.109375
1 0.05390625 0.6640625 0.1078125 0.12890625
1 0.07421875 0.32578125 0.13125 0.11640625
1 0.0921875 0.4 0.121875 0.0984375
1 0.1890625 0.42109375 0.1375 0.10390625
1 0.0875 0.5203125 0.146875 0.10546875
1 0.3 0.33828125 0.1453125 0.125
1 0.38125 0.39296875 0.13046875 0.10390625
1 0.2640625 0.17109375 0.128125 0.103125
1 0.384375 0.08359375 0.1359375 0.09375
1 0.5359375 0.0859375 0.12734375 0.0984375
1 0.61328125 0.13515625 0.12890625 0.09765625
1 0.51484375 0.43984375 0.14140625 0.13046875