1 0.596875 0.73125 0.06328125 0.0875
1 0.79140625 0.74140625 0.08203125 0.09921875
1 0.66953125 0.59375 0.04296875 0.059375
1 0.4953125 0.64296875 0.0453125 0.07890625
1 0.42890625 0.634375 0.05 0.07734375
1 0.54609375 0.55625 0.03203125 0.0484375
1 0.4890625 0.5265625 0.03125 0.04609375
1 0.53515625 0.50859375 0.02109375 0.03359375
1 0.4453125 0.52421875 0.02890625 0.0515625
1 0.46171875 0.47421875 0.02734375 0.0609375
1 0.66328125 0.52890625 0.03359375 0.04140625
1 0.609375 0.50234375 0.02734375 0.03671875
1 0.67890625 0.496875 0.04296875 0.0578125
1 0.590625 0.44921875 0.02421875 0.04140625
1 0.51015625 0.47734375 0.02421875 0.01953125