1 0.11015625 0.75859375 0.121875 0.16015625
1 0.23046875 0.82890625 0.12890625 0.17578125
1 0.3421875 0.72265625 0.1265625 0.16796875
1 0.184375 0.60078125 0.11953125 0.17265625
1 0.39453125 0.51484375 0.08828125 0.11796875
1 0.4796875 0.4375 0.071875 0.0734375
1 0.56328125 0.38671875 0.06640625 0.0671875
1 0.321875 0.44140625 0.06953125 0.08984375
1 0.40078125 0.4125 0.0640625 0.06796875
1 0.5671875 0.3140625 0.06171875 0.05703125
1 0.26640625 0.403125 0.07109375 0.0890625
1 0.91875 0.26328125 0.0546875 0.05390625
1 0.715625 0.29453125 0.04375 0.06484375
1 0.80390625 0.26640625 0.0546875 0.0640625
1 0.6671875 0.28515625 0.046875 0.0765625
1 0.4703125 0.36015625 0.06171875 0.0796875