1 0.14140625 0.77734375 0.1828125 0.32421875
1 0.48359375 0.58515625 0.11875 0.28203125
1 0.24296875 0.3453125 0.12265625 0.22421875
1 0.09765625 0.26015625 0.13984375 0.18046875
1 0.25234375 0.1109375 0.109375 0.11328125
1 0.340625 0.2109375 0.1078125 0.1546875
1 0.4828125 0.14453125 0.10234375 0.140625
0 0.73203125 0.2640625 0.16328125 0.415625
0 0.571875 0.26875 0.02421875 0.0546875
0 0.5484375 0.22421875 0.021875 0.06171875
0 0.59296875 0.13046875 0.02578125 0.05703125
1 0.634375 0.0421875 0.025 0.05546875
1 0.5734375 0.30390625 0.0390625 0.13671875
1 0.546875 0.25703125 0.02421875 0.14765625
1 0.5953125 0.16484375 0.040625 0.1328125
1 0.63203125 0.07109375 0.02734375 0.1171875
1 0.540625 0.05703125 0.06875 0.1140625