1 0.40546875 0.74453125 0.08828125 0.1234375
1 0.77421875 0.73203125 0.0828125 0.11015625
1 0.67734375 0.60859375 0.06875 0.06953125
1 0.35859375 0.62265625 0.06796875 0.065625
1 0.14453125 0.72421875 0.16875 0.35234375
1 0.29609375 0.534375 0.0765625 0.1875
1 0.4125 0.54453125 0.05625 0.07109375
1 0.53359375 0.51796875 0.0296875 0.05
1 0.59921875 0.52578125 0.0375 0.04453125
1 0.3453125 0.47109375 0.0328125 0.04375
1 0.6390625 0.5265625 0.03515625 0.04609375
1 0.53203125 0.4359375 0.0375 0.0625