1 0.5296875 0.13515625 0.03359375 0.09140625
1 0.33984375 0.23828125 0.04296875 0.11015625
1 0.4078125 0.315625 0.0390625 0.0984375
1 0.45 0.38984375 0.04140625 0.08359375
1 0.4078125 0.50390625 0.03828125 0.08046875
1 0.28984375 0.47421875 0.0359375 0.090625
1 0.159375 0.70078125 0.0453125 0.08359375
1 0.16953125 0.35703125 0.03359375 0.1
1 0.2125 0.3265625 0.028125 0.08359375
1 0.2921875 0.2875 0.03984375 0.103125
1 0.41875 0.0859375 0.03125 0.0828125
1 0.45234375 0.2 0.03828125 0.08984375
1 0.73203125 0.85625 0.084375 0.08515625