1 0.35703125 0.83203125 0.1109375 0.15234375
1 0.50859375 0.7234375 0.084375 0.115625
1 0.4 0.6140625 0.0703125 0.09296875
1 0.26640625 0.66171875 0.0640625 0.10703125
1 0.3546875 0.509375 0.0421875 0.0671875
1 0.41796875 0.53984375 0.053125 0.06875
1 0.50234375 0.46328125 0.0421875 0.053125
1 0.43984375 0.46796875 0.04140625 0.0625
1 0.66640625 0.4453125 0.034375 0.0484375
1 0.625 0.40703125 0.03671875 0.05390625
1 0.66640625 0.40234375 0.02734375 0.040625
1 0.54453125 0.34609375 0.0234375 0.021875