1 0.64296875 0.83203125 0.1109375 0.15234375
1 0.49140625 0.7234375 0.084375 0.115625
1 0.6 0.6140625 0.0703125 0.09296875
1 0.73359375 0.66171875 0.0640625 0.10703125
1 0.6453125 0.509375 0.0421875 0.0671875
1 0.58203125 0.53984375 0.053125 0.06875
1 0.49765625 0.46328125 0.0421875 0.053125
1 0.56015625 0.46796875 0.04140625 0.0625
1 0.33359375 0.4453125 0.034375 0.0484375
1 0.375 0.40703125 0.03671875 0.05390625
1 0.33359375 0.40234375 0.02734375 0.040625
1 0.45546875 0.34609375 0.0234375 0.021875