1 0.403125 0.73125 0.06328125 0.0875
1 0.20859375 0.74140625 0.08203125 0.09921875
1 0.33046875 0.59375 0.04296875 0.059375
1 0.5046875 0.64296875 0.0453125 0.07890625
1 0.57109375 0.634375 0.05 0.07734375
1 0.45390625 0.55625 0.03203125 0.0484375
1 0.5109375 0.5265625 0.03125 0.04609375
1 0.46484375 0.50859375 0.02109375 0.03359375
1 0.5546875 0.52421875 0.02890625 0.0515625
1 0.53828125 0.47421875 0.02734375 0.0609375
1 0.33671875 0.52890625 0.03359375 0.04140625
1 0.390625 0.50234375 0.02734375 0.03671875
1 0.32109375 0.496875 0.04296875 0.0578125
1 0.409375 0.44921875 0.02421875 0.04140625
1 0.48984375 0.47734375 0.02421875 0.01953125