1 0.23828125 0.77109375 0.14140625 0.1796875
1 0.09921875 0.6828125 0.13671875 0.14921875
1 0.03046875 0.584375 0.0609375 0.165625
1 0.0921875 0.5125 0.128125 0.14765625
1 0.0265625 0.42578125 0.05234375 0.1484375
1 0.0515625 0.34921875 0.10234375 0.14140625
1 0.16015625 0.4265625 0.1359375 0.1296875
1 0.2609375 0.51953125 0.13359375 0.12421875
1 0.35859375 0.59375 0.13515625 0.1265625
1 0.46171875 0.67890625 0.13984375 0.13984375
1 0.35078125 0.8625 0.13125 0.146875
1 0.24375 0.64140625 0.15 0.14140625
1 0.7375 0.603125 0.16328125 0.178125
1 0.63984375 0.68984375 0.14140625 0.1546875
1 0.59921875 0.78984375 0.15859375 0.1453125
1 0.62890625 0.94921875 0.15546875 0.1015625
1 0.82578125 0.94296875 0.1734375 0.1140625
1 0.92734375 0.90859375 0.1453125 0.14921875
1 0.81328125 0.809375 0.14296875 0.15625
1 0.85703125 0.7203125 0.16171875 0.1609375
1 0.37421875 0.35078125 0.13359375 0.1203125
1 0.25546875 0.2671875 0.13203125 0.1375
1 0.14921875 0.184375 0.1171875 0.121875
1 0.2796875 0.15546875 0.11875 0.1140625
1 0.403125 0.2359375 0.1359375 0.1125
1 0.49375 0.3359375 0.1234375 0.14375
1 0.6234375 0.39609375 0.1375 0.1234375
1 0.7390625 0.47421875 0.153125 0.0953125
1 0.82578125 0.56015625 0.12734375 0.109375
1 0.94609375 0.6640625 0.1078125 0.12890625
1 0.92578125 0.32578125 0.13125 0.11640625
1 0.9078125 0.4 0.121875 0.0984375
1 0.8109375 0.42109375 0.1375 0.10390625
1 0.9125 0.5203125 0.146875 0.10546875
1 0.7 0.33828125 0.1453125 0.125
1 0.61875 0.39296875 0.13046875 0.10390625
1 0.7359375 0.17109375 0.128125 0.103125
1 0.615625 0.08359375 0.1359375 0.09375
1 0.4640625 0.0859375 0.12734375 0.0984375
1 0.38671875 0.13515625 0.12890625 0.09765625
1 0.48515625 0.43984375 0.14140625 0.13046875