1 0.4703125 0.13515625 0.03359375 0.09140625
1 0.66015625 0.23828125 0.04296875 0.11015625
1 0.5921875 0.315625 0.0390625 0.0984375
1 0.55 0.38984375 0.04140625 0.08359375
1 0.5921875 0.50390625 0.03828125 0.08046875
1 0.71015625 0.47421875 0.0359375 0.090625
1 0.840625 0.70078125 0.0453125 0.08359375
1 0.83046875 0.35703125 0.03359375 0.1
1 0.7875 0.3265625 0.028125 0.08359375
1 0.7078125 0.2875 0.03984375 0.103125
1 0.58125 0.0859375 0.03125 0.0828125
1 0.54765625 0.2 0.03828125 0.08984375
1 0.26796875 0.85625 0.084375 0.08515625