1 0.15234375 0.51640625 0.175 0.18671875
1 0.11640625 0.746875 0.21015625 0.25859375
1 0.45625 0.69375 0.21328125 0.2765625
1 0.28046875 0.3515625 0.1515625 0.15234375
1 0.53515625 0.34296875 0.12578125 0.1546875
1 0.76875 0.3859375 0.1609375 0.20078125
1 0.69453125 0.6 0.18828125 0.22421875
1 0.503125 0.5046875 0.1671875 0.1703125
1 0.75390625 0.21796875 0.11484375 0.14453125
1 0.56484375 0.0984375 0.0890625 0.115625
1 0.32109375 0.21015625 0.1234375 0.14375
1 0.9078125 0.7390625 0.16953125 0.2375
1 0.959375 0.2125 0.08046875 0.134375
1 0.95859375 0.34375 0.07890625 0.1765625
1 0.41328125 0.07421875 0.0921875 0.0828125
1 0.3859375 0.40390625 0.08359375 0.1671875
1 0.3828125 0.36875 0.03984375 0.1109375