1 0.84765625 0.51640625 0.175 0.18671875
1 0.88359375 0.746875 0.21015625 0.25859375
1 0.54375 0.69375 0.21328125 0.2765625
1 0.71953125 0.3515625 0.1515625 0.15234375
1 0.46484375 0.34296875 0.12578125 0.1546875
1 0.23125 0.3859375 0.1609375 0.20078125
1 0.30546875 0.6 0.18828125 0.22421875
1 0.496875 0.5046875 0.1671875 0.1703125
1 0.24609375 0.21796875 0.11484375 0.14453125
1 0.43515625 0.0984375 0.0890625 0.115625
1 0.67890625 0.21015625 0.1234375 0.14375
1 0.0921875 0.7390625 0.16953125 0.2375
1 0.040625 0.2125 0.08046875 0.134375
1 0.04140625 0.34375 0.07890625 0.1765625
1 0.58671875 0.07421875 0.0921875 0.0828125
1 0.6140625 0.40390625 0.08359375 0.1671875
1 0.6171875 0.36875 0.03984375 0.1109375