1 0.59453125 0.74453125 0.08828125 0.1234375
1 0.22578125 0.73203125 0.0828125 0.11015625
1 0.32265625 0.60859375 0.06875 0.06953125
1 0.64140625 0.62265625 0.06796875 0.065625
1 0.85546875 0.72421875 0.16875 0.35234375
1 0.70390625 0.534375 0.0765625 0.1875
1 0.5875 0.54453125 0.05625 0.07109375
1 0.46640625 0.51796875 0.0296875 0.05
1 0.40078125 0.52578125 0.0375 0.04453125
1 0.6546875 0.47109375 0.0328125 0.04375
1 0.3609375 0.5265625 0.03515625 0.04609375
1 0.46796875 0.4359375 0.0375 0.0625