1 0.28125 0.72890625 0.1140625 0.20234375
1 0.45078125 0.75625 0.11875 0.2078125
1 0.6078125 0.68671875 0.1171875 0.184375
1 0.7671875 0.68125 0.13359375 0.18046875
1 0.58046875 0.5078125 0.07890625 0.13125
1 0.44765625 0.55859375 0.08984375 0.15
1 0.3015625 0.5171875 0.0859375 0.1546875
1 0.14453125 0.6 0.11171875 0.16640625
1 0.18984375 0.46796875 0.0875 0.13125
1 0.07890625 0.7921875 0.14765625 0.2421875
1 0.3140625 0.3328125 0.0625 0.090625
1 0.2296875 0.3609375 0.06640625 0.1171875
1 0.45625 0.41953125 0.08203125 0.134375
1 0.609375 0.29140625 0.0671875 0.1171875
1 0.56171875 0.4015625 0.06328125 0.11015625
1 0.2640625 0.26171875 0.05390625 0.090625
1 0.96015625 0.33828125 0.0640625 0.12109375
1 0.69609375 0.4265625 0.08203125 0.103125
1 0.71796875 0.52265625 0.0859375 0.13203125
1 0.696875 0.3421875 0.06171875 0.09921875
1 0.528125 0.2765625 0.05546875 0.08984375
1 0.49453125 0.33828125 0.0765625 0.1
1 0.484375 0.16875 0.08515625 0.065625