1 0.846875 0.55 0.10546875 0.18671875
1 0.90078125 0.47734375 0.09375 0.12734375
1 0.8140625 0.378125 0.06796875 0.1125
1 0.70703125 0.4125 0.05859375 0.11640625
1 0.6796875 0.32109375 0.04921875 0.0890625
1 0.61328125 0.3015625 0.0359375 0.084375
1 0.553125 0.73046875 0.11328125 0.17578125
1 0.5890625 0.8859375 0.1328125 0.18671875
1 0.75625 0.79609375 0.14375 0.203125
1 0.671875 0.65390625 0.103125 0.15859375
1 0.41796875 0.70546875 0.09453125 0.146875
1 0.2890625 0.71953125 0.1125 0.178125
1 0.22421875 0.8703125 0.1171875 0.228125
1 0.0984375 0.83828125 0.14609375 0.19765625
1 0.1859375 0.6859375 0.0953125 0.1546875
1 0.34609375 0.559375 0.0515625 0.103125
1 0.428125 0.5609375 0.075 0.1234375
0 0.57421875 0.61484375 0.02734375 0.08125
0 0.6421875 0.4625 0.015625 0.04609375
0 0.45234375 0.46015625 0.021875 0.05859375
0 0.4953125 0.475 0.0140625 0.0796875
0 0.30078125 0.5140625 0.0171875 0.06328125
0 0.1640625 0.5703125 0.0203125 0.078125