1 0.153125 0.55 0.10546875 0.18671875
1 0.09921875 0.47734375 0.09375 0.12734375
1 0.1859375 0.378125 0.06796875 0.1125
1 0.29296875 0.4125 0.05859375 0.11640625
1 0.3203125 0.32109375 0.04921875 0.0890625
1 0.38671875 0.3015625 0.0359375 0.084375
1 0.446875 0.73046875 0.11328125 0.17578125
1 0.4109375 0.8859375 0.1328125 0.18671875
1 0.24375 0.79609375 0.14375 0.203125
1 0.328125 0.65390625 0.103125 0.15859375
1 0.58203125 0.70546875 0.09453125 0.146875
1 0.7109375 0.71953125 0.1125 0.178125
1 0.77578125 0.8703125 0.1171875 0.228125
1 0.9015625 0.83828125 0.14609375 0.19765625
1 0.8140625 0.6859375 0.0953125 0.1546875
1 0.65390625 0.559375 0.0515625 0.103125
1 0.571875 0.5609375 0.075 0.1234375
0 0.42578125 0.61484375 0.02734375 0.08125
0 0.3578125 0.4625 0.015625 0.04609375
0 0.54765625 0.46015625 0.021875 0.05859375
0 0.5046875 0.475 0.0140625 0.0796875
0 0.69921875 0.5140625 0.0171875 0.06328125
0 0.8359375 0.5703125 0.0203125 0.078125