1 0.5046875 0.696875 0.15546875 0.19609375
1 0.59296875 0.56328125 0.13515625 0.16640625
1 0.34375 0.809375 0.19375 0.1640625
1 0.13359375 0.79453125 0.19765625 0.153125
1 0.3734375 0.60234375 0.14921875 0.128125
1 0.21796875 0.50859375 0.10625 0.1125
1 0.1578125 0.63515625 0.165625 0.125
1 0.31015625 0.4625 0.08828125 0.06953125
1 0.72578125 0.440625 0.08203125 0.0859375
1 0.60546875 0.415625 0.0703125 0.0875
1 0.43671875 0.46484375 0.07578125 0.06875
1 0.2875 0.38984375 0.08359375 0.09140625
1 0.1203125 0.49296875 0.08046875 0.1125