1 0.1234375 0.83046875 0.246875 0.2015625
1 0.465625 0.81640625 0.28125 0.17578125
1 0.16640625 0.65390625 0.20390625 0.13359375
1 0.4125 0.6484375 0.21640625 0.1265625
1 0.7203125 0.67265625 0.23515625 0.11796875
1 0.8625 0.809375 0.275 0.16953125
1 0.46328125 0.53515625 0.1609375 0.10234375
1 0.31640625 0.45390625 0.13984375 0.08359375
1 0.48828125 0.43984375 0.125 0.07265625
1 0.61796875 0.4 0.10625 0.06171875
1 0.6921875 0.4484375 0.15625 0.0671875
1 0.87890625 0.4484375 0.1765625 0.08671875
1 0.7078125 0.5609375 0.18125 0.1
1 0.9140625 0.56171875 0.171875 0.09375
1 0.3046875 0.3578125 0.11640625 0.05703125
1 0.4828125 0.3453125 0.1078125 0.05
1 0.64375 0.34140625 0.0875 0.059375
1 0.7625 0.33515625 0.1 0.05390625
1 0.93046875 0.3609375 0.11171875 0.07734375
0 0.575 0.56015625 0.04375 0.06640625