1 0.3296875 0.825 0.396875 0.33828125
1 0.8671875 0.69140625 0.22734375 0.2078125
1 0.79765625 0.61328125 0.16484375 0.17578125
1 0.18828125 0.56875 0.12578125 0.11875
1 0.27109375 0.6078125 0.14375 0.17890625
1 0.57578125 0.634375 0.08828125 0.21484375
1 0.471875 0.61640625 0.0625 0.16171875
1 0.9375 0.57421875 0.1203125 0.121875
1 0.72578125 0.4828125 0.16796875 0.2625
0 0.57421875 0.5875 0.0703125 0.1484375
0 0.46953125 0.5875 0.04453125 0.11640625
0 0.325 0.60859375 0.0390625 0.0921875
0 0.4 0.54140625 0.0390625 0.0734375
0 0.2609375 0.58984375 0.04375 0.090625