1 0.1390625 0.86171875 0.2609375 0.19375
1 0.54375 0.86328125 0.32890625 0.2046875
1 0.875 0.88828125 0.2296875 0.22109375
1 0.8328125 0.6921875 0.18984375 0.1296875
1 0.5875 0.69296875 0.21015625 0.12734375
1 0.284375 0.71328125 0.22109375 0.134375
1 0.5390625 0.5734375 0.14921875 0.10390625
1 0.68671875 0.49765625 0.14296875 0.11171875
1 0.52421875 0.47578125 0.1296875 0.0796875
1 0.37734375 0.42734375 0.1359375 0.07890625
1 0.3109375 0.4875 0.1796875 0.07109375
1 0.290625 0.59765625 0.15859375 0.0984375
1 0.08359375 0.590625 0.16484375 0.0890625
1 0.08828125 0.6765625 0.15546875 0.1140625
1 0.10546875 0.51953125 0.16484375 0.1140625
1 0.21015625 0.4390625 0.11796875 0.07265625
1 0.075 0.390625 0.11328125 0.07265625
1 0.35546875 0.36796875 0.09765625 0.0640625
1 0.2359375 0.36640625 0.0984375 0.0703125
1 0.5265625 0.3734375 0.09921875 0.06328125
1 0.71328125 0.434375 0.1296875 0.071875
1 0.696875 0.38515625 0.12890625 0.0734375