1 0.328125 0.875 0.13984375 0.20234375
1 0.55234375 0.76171875 0.134375 0.26484375
1 0.403125 0.634375 0.12734375 0.1953125
1 0.44921875 0.50390625 0.08046875 0.11171875
1 0.5984375 0.4703125 0.078125 0.12421875
1 0.51015625 0.39609375 0.06484375 0.09609375
1 0.1546875 0.5109375 0.12421875 0.18125
1 0.23046875 0.4609375 0.07578125 0.1171875
1 0.28671875 0.40859375 0.071875 0.09375
1 0.3703125 0.3203125 0.06015625 0.07734375
1 0.43203125 0.26015625 0.03671875 0.06953125
1 0.73984375 0.42578125 0.0625 0.1109375
1 0.74921875 0.6296875 0.09296875 0.15859375
1 0.79140625 0.9375 0.1390625 0.125
1 0.9640625 0.76171875 0.07109375 0.19296875
1 0.921875 0.60859375 0.08984375 0.13984375
1 0.875 0.48125 0.07734375 0.11484375
1 0.8578125 0.4265625 0.05234375 0.0765625
1 0.203125 0.37734375 0.0703125 0.0828125
1 0.2578125 0.31640625 0.0703125 0.10625
1 0.30703125 0.28515625 0.04921875 0.07109375
1 0.38359375 0.23515625 0.04375 0.06796875
1 0.3625 0.15703125 0.11953125 0.153125
1 0.134375 0.33984375 0.075 0.0921875
1 0.8390625 0.33125 0.0578125 0.08359375
1 0.73515625 0.3015625 0.04140625 0.07265625
1 0.61640625 0.3453125 0.04921875 0.071875
1 0.55234375 0.28203125 0.05703125 0.0859375
1 0.64609375 0.2765625 0.05234375 0.07421875
1 0.61796875 0.209375 0.04453125 0.0640625
1 0.6796875 0.2109375 0.0328125 0.06015625
1 0.7453125 0.23359375 0.034375 0.05703125
1 0.83125 0.2546875 0.04453125 0.0671875
1 0.92421875 0.38203125 0.06875 0.09765625
1 0.46484375 0.234375 0.03359375 0.05859375
1 0.64765625 0.178125 0.0296875 0.04296875
1 0.7140625 0.17109375 0.0265625 0.0515625
1 0.77109375 0.18359375 0.03203125 0.0453125
1 0.7578125 0.20546875 0.0328125 0.05625
1 0.83359375 0.21328125 0.03515625 0.06328125
1 0.85 0.1484375 0.028125 0.0421875
1 0.79140625 0.1578125 0.03203125 0.0453125
1 0.740625 0.15625 0.0234375 0.0390625
1 0.67421875 0.1578125 0.02421875 0.0328125
1 0.69453125 0.14296875 0.0171875 0.0359375
1 0.490625 0.21953125 0.0359375 0.053125
1 0.52109375 0.190625 0.0328125 0.05078125
1 0.42578125 0.2078125 0.03984375 0.0609375
1 0.17421875 0.23828125 0.06796875 0.0640625
1 0.25859375 0.21484375 0.05625 0.07578125
1 0.465625 0.178125 0.0421875 0.05
1 0.87265625 0.13515625 0.0265625 0.03984375