0 0.590625 0.6203125 0.16015625 0.590625
0 0.45 0.565625 0.09609375 0.53203125
0 0.09609375 0.65234375 0.19140625 0.5296875
0 0.9515625 0.50703125 0.096875 0.4109375
0 0.86328125 0.50234375 0.06640625 0.36015625
0 0.81640625 0.5984375 0.0703125 0.321875
0 0.7578125 0.5359375 0.103125 0.41015625
0 0.3578125 0.54921875 0.06484375 0.40390625
0 0.221875 0.56484375 0.09296875 0.3671875
1 0.284375 0.41640625 0.0609375 0.0875
1 0.30703125 0.428125 0.04765625 0.0640625
0 0.0578125 0.38671875 0.059375 0.1328125