0 0.41328125 0.54140625 0.1 0.384375
0 0.584375 0.5375 0.096875 0.4453125
0 0.7953125 0.5640625 0.090625 0.446875
0 0.296875 0.534375 0.109375 0.43984375
0 0.14296875 0.5515625 0.078125 0.428125
0 0.71796875 0.3421875 0.040625 0.0546875
0 0.6796875 0.5328125 0.08359375 0.4328125
0 0.90390625 0.3734375 0.0640625 0.1203125
0 0.9859375 0.40859375 0.028125 0.1359375
0 0.8765625 0.30703125 0.03359375 0.0921875
0 0.3828125 0.3265625 0.04375 0.075
0 0.05 0.3515625 0.0578125 0.08046875
0 0.0953125 0.35 0.0328125 0.053125
0 0.4359375 0.32578125 0.0484375 0.05078125