1 0.5671875 0.42890625 0.23671875 0.27265625
0 0.76640625 0.39921875 0.0640625 0.2015625
0 0.70546875 0.36015625 0.04453125 0.1703125
0 0.69609375 0.2890625 0.04140625 0.14375
0 0.73046875 0.19453125 0.04765625 0.1234375
0 0.7734375 0.1359375 0.03671875 0.14765625
0 0.921875 0.1609375 0.04609375 0.15
0 0.9421875 0.08984375 0.040625 0.13125
0 0.875 0.05 0.05859375 0.1
0 0.7125 0.08671875 0.03359375 0.13671875
0 0.64921875 0.10390625 0.03515625 0.1640625
0 0.65546875 0.159375 0.03828125 0.13828125
0 0.52265625 0.11328125 0.0359375 0.16953125
0 0.6 0.28984375 0.03359375 0.07734375
0 0.55234375 0.253125 0.03125 0.08515625
0 0.5578125 0.6359375 0.04375 0.18671875
0 0.48984375 0.54375 0.034375 0.1734375
0 0.4671875 0.5203125 0.03359375 0.178125
0 0.3390625 0.5265625 0.04921875 0.2
0 0.2703125 0.51484375 0.04921875 0.1796875
0 0.24140625 0.68671875 0.02890625 0.146875
0 0.2328125 0.815625 0.05703125 0.19453125
0 0.140625 0.79765625 0.03203125 0.196875
0 0.146875 0.66328125 0.04765625 0.1046875
0 0.09140625 0.51796875 0.06484375 0.17890625
0 0.20078125 0.25 0.04140625 0.18125
0 0.11484375 0.26875 0.0359375 0.1640625
0 0.28125 0.22890625 0.03359375 0.15703125
0 0.35703125 0.2609375 0.0328125 0.16953125
0 0.2953125 0.31328125 0.0453125 0.0984375
0 0.02421875 0.66796875 0.03515625 0.15703125
0 0.015625 0.80703125 0.03125 0.20703125
1 0.01640625 0.5171875 0.02734375 0.1578125
1 0.29765625 0.35234375 0.0859375 0.17421875