1 0.18671875 0.35234375 0.34375 0.3109375
1 0.43203125 0.240625 0.125 0.18125
1 0.60703125 0.20234375 0.2390625 0.284375
0 0.93125 0.40703125 0.1375 0.46953125
0 0.8125 0.5 0.11328125 0.540625
0 0.728125 0.5796875 0.1421875 0.63046875
0 0.21953125 0.74453125 0.1734375 0.5109375
0 0.4453125 0.5203125 0.1265625 0.45078125
0 0.55078125 0.46484375 0.09140625 0.36484375
0 0.32578125 0.7046875 0.06171875 0.328125
0 0.146875 0.446875 0.0984375 0.27421875
0 0.03828125 0.62265625 0.0765625 0.39296875
0 0.62109375 0.34453125 0.071875 0.24609375
0 0.7515625 0.23046875 0.09296875 0.1