0 0.52578125 0.5171875 0.1109375 0.46796875
0 0.29296875 0.3640625 0.06953125 0.4484375
0 0.11953125 0.20078125 0.0359375 0.18828125
1 0.69609375 0.6453125 0.1578125 0.709375
1 0.8546875 0.25859375 0.14609375 0.18671875
1 0.7703125 0.22890625 0.0890625 0.153125
1 0.69375 0.21484375 0.103125 0.15390625
1 0.5109375 0.18203125 0.12421875 0.1796875
1 0.3046875 0.26015625 0.15625 0.203125
1 0.1546875 0.190625 0.2546875 0.196875
1 0.03984375 0.209375 0.0796875 0.18359375
1 0.65390625 0.76328125 0.6921875 0.4671875
1 0.40703125 0.196875 0.046875 0.11015625