1 0.1734375 0.6578125 0.19453125 0.1765625
1 0.3734375 0.67578125 0.17734375 0.18203125
1 0.4453125 0.621875 0.07421875 0.11796875
1 0.56484375 0.6046875 0.03828125 0.0515625
1 0.70859375 0.6046875 0.0421875 0.05234375
0 0.39296875 0.69140625 0.04375 0.29453125
0 0.509375 0.68046875 0.04609375 0.34921875
0 0.609375 0.6890625 0.0609375 0.36640625
0 0.68125 0.67890625 0.06875 0.27265625
0 0.7953125 0.615625 0.02265625 0.109375
0 0.425 0.67109375 0.04453125 0.2390625
0 0.55 0.66484375 0.05 0.2453125
0 0.76328125 0.5984375 0.01171875 0.06796875
0 0.87109375 0.58828125 0.01796875 0.06640625
1 0.290625 0.61796875 0.08515625 0.0921875