0 0.409375 0.6203125 0.16015625 0.590625
0 0.55 0.565625 0.09609375 0.53203125
0 0.90390625 0.65234375 0.19140625 0.5296875
0 0.0484375 0.50703125 0.096875 0.4109375
0 0.13671875 0.50234375 0.06640625 0.36015625
0 0.18359375 0.5984375 0.0703125 0.321875
0 0.2421875 0.5359375 0.103125 0.41015625
0 0.6421875 0.54921875 0.06484375 0.40390625
0 0.778125 0.56484375 0.09296875 0.3671875
1 0.715625 0.41640625 0.0609375 0.0875
1 0.69296875 0.428125 0.04765625 0.0640625
0 0.9421875 0.38671875 0.059375 0.1328125