0 0.834375 0.53828125 0.075 0.278125
0 0.134375 0.6546875 0.0859375 0.3140625
0 0.615625 0.78203125 0.08984375 0.26015625
0 0.428125 0.6796875 0.10078125 0.28359375
0 0.415625 0.26640625 0.08046875 0.23984375
0 0.59609375 0.234375 0.0609375 0.2421875
0 0.496875 0.2984375 0.05859375 0.1546875
0 0.07734375 0.2375 0.0515625 0.22109375
0 0.02421875 0.27265625 0.0484375 0.27109375
0 0.03359375 0.56953125 0.0640625 0.2296875
0 0.0609375 0.7671875 0.08203125 0.2828125
0 0.5 0.609375 0.06171875 0.2625
0 0.2484375 0.54765625 0.08984375 0.25546875
0 0.16328125 0.31015625 0.07578125 0.25078125
0 0.3 0.4078125 0.07734375 0.20234375
0 0.82890625 0.1625 0.0703125 0.16171875
0 0.91875 0.171875 0.05234375 0.175
0 0.765625 0.34296875 0.06796875 0.25703125
0 0.6375 0.5453125 0.078125 0.25390625
0 0.7109375 0.51953125 0.06171875 0.28828125
0 0.6640625 0.31640625 0.05546875 0.12578125
0 0.70234375 0.24453125 0.07265625 0.21796875
0 0.34921875 0.55859375 0.06015625 0.28125
0 0.28515625 0.7625 0.08984375 0.2859375
0 0.884375 0.28203125 0.06796875 0.259375