1 0.4328125 0.42890625 0.23671875 0.27265625
0 0.23359375 0.39921875 0.0640625 0.2015625
0 0.29453125 0.36015625 0.04453125 0.1703125
0 0.30390625 0.2890625 0.04140625 0.14375
0 0.26953125 0.19453125 0.04765625 0.1234375
0 0.2265625 0.1359375 0.03671875 0.14765625
0 0.078125 0.1609375 0.04609375 0.15
0 0.0578125 0.08984375 0.040625 0.13125
0 0.125 0.05 0.05859375 0.1
0 0.2875 0.08671875 0.03359375 0.13671875
0 0.35078125 0.10390625 0.03515625 0.1640625
0 0.34453125 0.159375 0.03828125 0.13828125
0 0.47734375 0.11328125 0.0359375 0.16953125
0 0.4 0.28984375 0.03359375 0.07734375
0 0.44765625 0.253125 0.03125 0.08515625
0 0.4421875 0.6359375 0.04375 0.18671875
0 0.51015625 0.54375 0.034375 0.1734375
0 0.5328125 0.5203125 0.03359375 0.178125
0 0.6609375 0.5265625 0.04921875 0.2
0 0.7296875 0.51484375 0.04921875 0.1796875
0 0.75859375 0.68671875 0.02890625 0.146875
0 0.7671875 0.815625 0.05703125 0.19453125
0 0.859375 0.79765625 0.03203125 0.196875
0 0.853125 0.66328125 0.04765625 0.1046875
0 0.90859375 0.51796875 0.06484375 0.17890625
0 0.79921875 0.25 0.04140625 0.18125
0 0.88515625 0.26875 0.0359375 0.1640625
0 0.71875 0.22890625 0.03359375 0.15703125
0 0.64296875 0.2609375 0.0328125 0.16953125
0 0.7046875 0.31328125 0.0453125 0.0984375
0 0.97578125 0.66796875 0.03515625 0.15703125
0 0.984375 0.80703125 0.03125 0.20703125
1 0.98359375 0.5171875 0.02734375 0.1578125
1 0.70234375 0.35234375 0.0859375 0.17421875