1 0.3140625 0.421875 0.034375 0.05703125
1 0.30859375 0.334375 0.02578125 0.0390625
1 0.53125 0.36796875 0.03515625 0.06171875
1 0.684375 0.584375 0.071875 0.11171875
1 0.70625 0.49609375 0.04765625 0.07578125
1 0.403125 0.225 0.0109375 0.0359375
1 0.42421875 0.228125 0.01640625 0.03359375
1 0.4203125 0.18671875 0.028125 0.059375
1 0.4578125 0.17109375 0.0296875 0.0359375
1 0.5984375 0.18203125 0.01015625 0.03828125
1 0.62109375 0.1796875 0.01796875 0.03359375
1 0.4421875 0.21640625 0.0171875 0.02734375