1 0.44609375 0.8390625 0.16484375 0.22265625
1 0.4046875 0.778125 0.13203125 0.20625
1 0.37890625 0.68515625 0.12265625 0.14921875
1 0.3953125 0.60859375 0.125 0.15390625
1 0.3921875 0.5296875 0.0921875 0.08125
1 0.3625 0.51015625 0.096875 0.146875
1 0.51015625 0.53359375 0.0890625 0.1453125
1 0.50625 0.459375 0.06640625 0.10234375
1 0.45859375 0.43984375 0.06796875 0.1265625
1 0.440625 0.41015625 0.059375 0.128125
1 0.609375 0.49609375 0.0734375 0.159375
1 0.559375 0.65 0.08046875 0.171875
1 0.625 0.74765625 0.09609375 0.221875
1 0.603125 0.67734375 0.08359375 0.15859375
1 0.7859375 0.79921875 0.1578125 0.21171875
1 0.85859375 0.8625 0.146875 0.20859375
1 0.23984375 0.8796875 0.11328125 0.17421875
1 0.253125 0.846875 0.12421875 0.21796875
1 0.07265625 0.728125 0.11171875 0.19921875
1 0.07578125 0.84609375 0.134375 0.128125
1 0.09375 0.62265625 0.11953125 0.16171875
1 0.11015625 0.57421875 0.09453125 0.11953125
1 0.1171875 0.5 0.09609375 0.121875
1 0.21953125 0.50703125 0.075 0.10078125
1 0.13828125 0.440625 0.0734375 0.1171875
1 0.040625 0.4390625 0.08125 0.0890625
1 0.496875 0.29296875 0.06484375 0.0875
1 0.58125 0.34140625 0.065625 0.0875
1 0.69765625 0.31875 0.071875 0.11953125
1 0.8046875 0.45078125 0.10078125 0.1203125
1 0.90390625 0.56484375 0.08359375 0.1671875
1 0.97421875 0.6890625 0.0515625 0.18125
1 0.75 0.28515625 0.06015625 0.125
1 0.646875 0.23671875 0.046875 0.07265625
1 0.128125 0.2703125 0.06640625 0.090625
1 0.89453125 0.41796875 0.07265625 0.13125
1 0.3234375 0.28046875 0.06953125 0.11171875
1 0.240625 0.3375 0.0890625 0.12421875