1 0.69296875 0.68125 0.16875 0.3046875
1 0.5921875 0.41484375 0.08515625 0.14296875
1 0.79765625 0.515625 0.12109375 0.1578125
1 0.15 0.778125 0.19140625 0.209375
1 0.27109375 0.475 0.121875 0.1828125
1 0.3375 0.2921875 0.06015625 0.084375
1 0.27109375 0.253125 0.053125 0.05625
1 0.5578125 0.296875 0.05078125 0.07265625
1 0.5171875 0.21796875 0.03984375 0.06796875
1 0.62890625 0.26328125 0.0421875 0.06953125
1 0.7109375 0.2671875 0.08203125 0.084375
1 0.68203125 0.3796875 0.08828125 0.109375
1 0.31796875 0.15703125 0.04453125 0.04609375
1 0.3734375 0.17109375 0.05703125 0.08125
1 0.14140625 0.340625 0.24609375 0.3046875
1 0.5890625 0.1828125 0.07890625 0.121875