1 0.5515625 0.93515625 0.096875 0.1296875
1 0.7203125 0.94765625 0.09765625 0.10390625
1 0.68828125 0.82421875 0.0828125 0.1078125
1 0.58125 0.83203125 0.08046875 0.0953125
1 0.565625 0.74140625 0.06640625 0.09140625
1 0.67265625 0.69921875 0.0875 0.13515625
1 0.33515625 0.6453125 0.05 0.05546875
1 0.396875 0.63671875 0.03671875 0.05
1 0.34140625 0.60859375 0.0515625 0.053125
1 0.54609375 0.6578125 0.0453125 0.06484375
1 0.60546875 0.646875 0.04921875 0.0546875
1 0.56328125 0.6875 0.046875 0.03828125
1 0.81171875 0.734375 0.04765625 0.06484375
0 0.075 0.75703125 0.02109375 0.0875
0 0.0453125 0.75390625 0.02265625 0.08515625
0 0.2734375 0.628125 0.015625 0.0328125
0 0.134375 0.7015625 0.01953125 0.07421875
0 0.11328125 0.69609375 0.02109375 0.06328125
0 0.16328125 0.6734375 0.01796875 0.04921875
0 0.78515625 0.87265625 0.02109375 0.03984375
0 0.7421875 0.6984375 0.0234375 0.0359375
0 0.76953125 0.6953125 0.02265625 0.0703125
0 0.83671875 0.78046875 0.025 0.0703125
0 0.90390625 0.903125 0.0265625 0.08515625
0 0.9421875 0.96171875 0.01875 0.0765625
0 0.965625 0.96328125 0.025 0.071875
0 0.89609375 0.959375 0.03125 0.08046875
0 0.79375 0.784375 0.02421875 0.09375