1 0.6859375 0.421875 0.034375 0.05703125
1 0.69140625 0.334375 0.02578125 0.0390625
1 0.46875 0.36796875 0.03515625 0.06171875
1 0.315625 0.584375 0.071875 0.11171875
1 0.29375 0.49609375 0.04765625 0.07578125
1 0.596875 0.225 0.0109375 0.0359375
1 0.57578125 0.228125 0.01640625 0.03359375
1 0.5796875 0.18671875 0.028125 0.059375
1 0.5421875 0.17109375 0.0296875 0.0359375
1 0.4015625 0.18203125 0.01015625 0.03828125
1 0.37890625 0.1796875 0.01796875 0.03359375
1 0.5578125 0.21640625 0.0171875 0.02734375