1 0.5421875 0.52890625 0.08828125 0.10859375
1 0.3546875 0.85 0.1328125 0.1671875
1 0.15625 0.71640625 0.1296875 0.121875
1 0.3359375 0.6359375 0.11328125 0.140625
1 0.3953125 0.54921875 0.0984375 0.10078125
1 0.64765625 0.44765625 0.078125 0.103125
1 0.5296875 0.39765625 0.0609375 0.07734375
1 0.63515625 0.3578125 0.0671875 0.08828125
1 0.42734375 0.3953125 0.0625 0.0984375
1 0.31484375 0.40859375 0.08125 0.0828125
1 0.278125 0.4796875 0.09296875 0.09375
1 0.5375 0.296875 0.0640625 0.07421875
1 0.44609375 0.30390625 0.0609375 0.07109375
1 0.446875 0.36484375 0.059375 0.0703125
1 0.3453125 0.35234375 0.0671875 0.08984375
1 0.21015625 0.5828125 0.1046875 0.11484375
1 0.484375 0.26875 0.02890625 0.0546875
1 0.6203125 0.29375 0.05859375 0.0640625