1 0.8421875 0.58671875 0.1265625 0.43203125
1 0.48125 0.61875 0.090625 0.2125
1 0.38125 0.66015625 0.07578125 0.21015625
1 0.228125 0.69140625 0.078125 0.21875
1 0.278125 0.553125 0.08671875 0.17421875
1 0.34140625 0.41171875 0.07578125 0.12421875
1 0.38515625 0.30234375 0.06015625 0.109375
1 0.4265625 0.440625 0.06015625 0.1609375
1 0.5328125 0.39765625 0.06015625 0.159375
1 0.43984375 0.2421875 0.0453125 0.15234375
0 0.73359375 0.49765625 0.0171875 0.14296875
0 0.74296875 0.28046875 0.0203125 0.0953125
0 0.4953125 0.43359375 0.01875 0.05390625
0 0.40234375 0.8984375 0.03828125 0.06015625
1 0.4296875 0.82265625 0.0828125 0.196875
1 0.12109375 0.884375 0.1671875 0.23125
1 0.05234375 0.346875 0.0875 0.1296875
1 0.1328125 0.2875 0.0515625 0.0828125
1 0.0828125 0.225 0.0703125 0.08515625